        +40         +7         +7         +0         +5         +7         +7         +0         +0         +0         +0        +40
       +148 +1.0000000000000001E-05 +5.1794746792312130E-04 +2.6826957952797246E-02 +1.3894954943731359E+00 +7.1968567300115140E+01 +3.7275937203149379E+03 +1.9306977288832457E+05 +5.1794746792312130E-04 +2.6826957952797246E-02 +1.3894954943731359E+00 +7.1968567300115140E+01 +3.7275937203149379E+03 +1.9306977288832457E+05 +1.0000000000000000E+07 +0.0000000000000000E+00         +0         +0         +0         +0         +0         +0         +0       +148
        +60         +1         +6         +5         +4         +3         +2         +1         +0         +0         +1         +2         +3         +4         +5         +6        +60
       +176 +8.0248000000000003E-03 +1.7794900000000000E-01 +8.0248000000000003E-03 +1.7794900000000000E-01 +7.2120600000000002E-03 +2.0059980000000002E-02 +5.8791000000000004E-01 +0.0000000000000000E+00 +0.0000000000000000E+00 +0.0000000000000000E+00 +0.0000000000000000E+00 +0.0000000000000000E+00 +0.0000000000000000E+00 +1.2753700000000001E-01 +1.0000000000000000E+00 +1.0000000000000000E+00 +0.0000000000000000E+00 +1.0000000000000000E+00 +0.0000000000000000E+00 +1.0000000000000000E+00 +0.0000000000000000E+00 +0.0000000000000000E+00       +176
       +176 +3.7174000000000000E-03 +3.2980500000000001E-01 +3.7174000000000000E-03 +3.2980500000000001E-01 +8.1930100000000004E-04 +2.0273029999999998E-03 +4.1176000000000001E-01 +0.0000000000000000E+00 +0.0000000000000000E+00 +0.0000000000000000E+00 +0.0000000000000000E+00 +0.0000000000000000E+00 +3.2445600000000002E-01 +4.2377999999999999E-02 +1.0000000000000000E+00 +1.0000000000000000E+00 +0.0000000000000000E+00 +1.0000000000000000E+00 +0.0000000000000000E+00 +1.0000000000000000E+00 +0.0000000000000000E+00 +0.0000000000000000E+00       +176
       +176 +2.6769000000000001E-02 +4.8038799999999998E-01 +2.6769000000000001E-02 +4.8038799999999998E-01 +6.4532000000000001E-03 +1.5705990000000000E-02 +3.3906000000000002E-04 +0.0000000000000000E+00 +0.0000000000000000E+00 +0.0000000000000000E+00 +0.0000000000000000E+00 +4.5094000000000001E-01 +1.6314000000000001E-03 +9.4374000000000005E-06 +1.0000000000000000E+00 +1.0000000000000000E+00 +0.0000000000000000E+00 +1.0000000000000000E+00 +0.0000000000000000E+00 +1.0000000000000000E+00 +0.0000000000000000E+00 +0.0000000000000000E+00       +176
       +176 +9.6236000000000002E-02 +5.5436700000000005E-01 +9.6236000000000002E-02 +5.5436700000000005E-01 +1.8564799999999999E-02 +4.5183010000000003E-02 +1.1761000000000001E-07 +0.0000000000000000E+00 +0.0000000000000000E+00 +1.2525000000000001E-04 +4.5256500000000000E-01 +2.6792000000000001E-03 +3.1426999999999999E-09 +5.5163000000000001E-09 +1.0000000000000000E+00 +1.0000000000000000E+00 +0.0000000000000000E+00 +1.0000000000000000E+00 +0.0000000000000000E+00 +1.0000000000000000E+00 +0.0000000000000000E+00 +0.0000000000000000E+00       +176
       +176 +3.0020000000000002E-02 +3.1180099999999999E-01 +3.0020000000000002E-02 +3.1180099999999999E-01 +1.7808399999999999E-02 +4.3342079999999998E-02 +0.0000000000000000E+00 +0.0000000000000000E+00 +1.2968000000000001E-03 +2.7140100000000000E-01 +5.5664000000000000E-03 +0.0000000000000000E+00 +0.0000000000000000E+00 +0.0000000000000000E+00 +1.0000000000000000E+00 +1.0000000000000000E+00 +0.0000000000000000E+00 +1.0000000000000000E+00 +0.0000000000000000E+00 +1.0000000000000000E+00 +0.0000000000000000E+00 +0.0000000000000000E+00       +176
       +176 +1.1126000000000000E-01 +3.9516800000000002E-01 +1.1126000000000000E-01 +3.9516800000000002E-01 +8.3034800000000006E-02 +2.0209009999999999E-01 +0.0000000000000000E+00 +8.5457999999999992E-03 +2.6580199999999998E-01 +1.0255000000000000E-02 +0.0000000000000000E+00 +0.0000000000000000E+00 +0.0000000000000000E+00 +0.0000000000000000E+00 +1.0000000000000000E+00 +1.0000000000000000E+00 +0.0000000000000000E+00 +1.0000000000000000E+00 +0.0000000000000000E+00 +1.0000000000000000E+00 +0.0000000000000000E+00 +0.0000000000000000E+00       +176
       +176 +2.8277999999999998E-01 +5.6440599999999996E-01 +2.8277999999999998E-01 +5.6440599999999996E-01 +2.1600400000000000E-01 +5.2571049999999997E-01 +0.0000000000000000E+00 +2.7307999999999999E-01 +1.6809000000000001E-02 +1.0020999999999999E-08 +0.0000000000000000E+00 +0.0000000000000000E+00 +0.0000000000000000E+00 +0.0000000000000000E+00 +1.0000000000000000E+00 +1.0000000000000000E+00 +0.0000000000000000E+00 +1.0000000000000000E+00 +0.0000000000000000E+00 +1.0000000000000000E+00 +0.0000000000000000E+00 +0.0000000000000000E+00       +176
        +60         +1         +6         +5         +4         +3         +2         +1         +0         +0         +1         +2         +3         +4         +5         +6        +60
       +176 +8.4338999999999994E-03 +1.7873100000000000E-01 +8.4338999999999994E-03 +1.7873100000000000E-01 +7.6270399999999999E-03 +2.1753000000000002E-02 +5.8791000000000004E-01 +0.0000000000000000E+00 +0.0000000000000000E+00 +0.0000000000000000E+00 +0.0000000000000000E+00 +0.0000000000000000E+00 +0.0000000000000000E+00 +1.2887599999999999E-01 +1.0000000000000000E+00 +1.0000000000000000E+00 +0.0000000000000000E+00 +1.0000000000000000E+00 +0.0000000000000000E+00 +1.0000000000000000E+00 +0.0000000000000000E+00 +0.0000000000000000E+00       +176
       +176 +3.7577000000000001E-03 +3.3084900000000000E-01 +3.7577000000000001E-03 +3.3084900000000000E-01 +8.7689799999999998E-04 +2.5351029999999999E-03 +4.1176000000000001E-01 +0.0000000000000000E+00 +0.0000000000000000E+00 +0.0000000000000000E+00 +0.0000000000000000E+00 +0.0000000000000000E+00 +3.2545200000000002E-01 +4.1412999999999998E-02 +1.0000000000000000E+00 +1.0000000000000000E+00 +0.0000000000000000E+00 +1.0000000000000000E+00 +0.0000000000000000E+00 +1.0000000000000000E+00 +0.0000000000000000E+00 +0.0000000000000000E+00       +176
       +176 +2.7969999999999998E-02 +4.8377199999999998E-01 +2.7969999999999998E-02 +4.8377199999999998E-01 +5.6983499999999996E-03 +1.6267990000000000E-02 +3.3906000000000002E-04 +0.0000000000000000E+00 +0.0000000000000000E+00 +0.0000000000000000E+00 +0.0000000000000000E+00 +4.5318799999999998E-01 +1.6394999999999999E-03 +8.2290000000000003E-06 +1.0000000000000000E+00 +1.0000000000000000E+00 +0.0000000000000000E+00 +1.0000000000000000E+00 +0.0000000000000000E+00 +1.0000000000000000E+00 +0.0000000000000000E+00 +0.0000000000000000E+00       +176
       +176 +1.0421000000000000E-01 +5.6692200000000004E-01 +1.0421000000000000E-01 +5.6692200000000004E-01 +2.2887200000000000E-02 +6.5474099999999993E-02 +1.1761000000000001E-07 +0.0000000000000000E+00 +0.0000000000000000E+00 +1.6045999999999999E-04 +4.5717300000000000E-01 +2.6142000000000001E-03 +1.5981999999999999E-09 +5.0404999999999997E-09 +1.0000000000000000E+00 +1.0000000000000000E+00 +0.0000000000000000E+00 +1.0000000000000000E+00 +0.0000000000000000E+00 +1.0000000000000000E+00 +0.0000000000000000E+00 +0.0000000000000000E+00       +176
       +176 +1.3994000000000001E-01 +4.2622700000000002E-01 +1.3994000000000001E-01 +4.2622700000000002E-01 +1.0763500000000000E-02 +3.0724089999999999E-02 +0.0000000000000000E+00 +0.0000000000000000E+00 +2.0051000000000001E-03 +2.7681400000000000E-01 +5.5393999999999999E-03 +0.0000000000000000E+00 +0.0000000000000000E+00 +0.0000000000000000E+00 +1.0000000000000000E+00 +1.0000000000000000E+00 +0.0000000000000000E+00 +1.0000000000000000E+00 +0.0000000000000000E+00 +1.0000000000000000E+00 +0.0000000000000000E+00 +0.0000000000000000E+00       +176
       +176 +4.0917999999999999E-01 +6.7899699999999996E-01 +4.0917999999999999E-01 +6.7899699999999996E-01 +2.3275699999999999E-01 +6.6665099999999999E-01 +0.0000000000000000E+00 +8.4948000000000003E-03 +2.5296200000000002E-01 +9.3127000000000001E-03 +0.0000000000000000E+00 +0.0000000000000000E+00 +0.0000000000000000E+00 +0.0000000000000000E+00 +1.0000000000000000E+00 +1.0000000000000000E+00 +0.0000000000000000E+00 +1.0000000000000000E+00 +0.0000000000000000E+00 +1.0000000000000000E+00 +0.0000000000000000E+00 +0.0000000000000000E+00       +176
       +176 +4.0934999999999999E-01 +6.8285200000000001E-01 +4.0934999999999999E-01 +6.8285200000000001E-01 +2.4896799999999999E-01 +7.1399040000000003E-01 +0.0000000000000000E+00 +2.6500699999999999E-01 +1.4850000000000000E-02 +9.1656000000000007E-09 +0.0000000000000000E+00 +0.0000000000000000E+00 +0.0000000000000000E+00 +0.0000000000000000E+00 +1.0000000000000000E+00 +1.0000000000000000E+00 +0.0000000000000000E+00 +1.0000000000000000E+00 +0.0000000000000000E+00 +1.0000000000000000E+00 +0.0000000000000000E+00 +0.0000000000000000E+00       +176
        +60         +1         +6         +5         +4         +3         +2         +1         +0         +0         +1         +2         +3         +4         +5         +6        +60
       +176 +9.0656999999999995E-03 +1.8132300000000001E-01 +9.0656999999999995E-03 +1.8132300000000001E-01 +8.2544599999999999E-03 +2.3813950000000000E-02 +5.8791000000000004E-01 +0.0000000000000000E+00 +0.0000000000000000E+00 +0.0000000000000000E+00 +0.0000000000000000E+00 +0.0000000000000000E+00 +0.0000000000000000E+00 +1.3045699999999999E-01 +1.0000000000000000E+00 +1.0000000000000000E+00 +0.0000000000000000E+00 +1.0000000000000000E+00 +0.0000000000000000E+00 +1.0000000000000000E+00 +0.0000000000000000E+00 +0.0000000000000000E+00       +176
       +176 +4.2966999999999997E-03 +3.3436800000000000E-01 +4.2966999999999997E-03 +3.3436800000000000E-01 +1.3256500000000000E-03 +3.8586890000000002E-03 +4.1176000000000001E-01 +0.0000000000000000E+00 +0.0000000000000000E+00 +0.0000000000000000E+00 +0.0000000000000000E+00 +0.0000000000000000E+00 +3.2842800000000000E-01 +4.1792000000000003E-02 +1.0000000000000000E+00 +1.0000000000000000E+00 +0.0000000000000000E+00 +1.0000000000000000E+00 +0.0000000000000000E+00 +1.0000000000000000E+00 +0.0000000000000000E+00 +0.0000000000000000E+00       +176
       +176 +3.2881000000000001E-02 +4.9378499999999997E-01 +3.2881000000000001E-02 +4.9378499999999997E-01 +8.4215599999999998E-03 +2.4133999999999999E-02 +3.3906000000000002E-04 +0.0000000000000000E+00 +0.0000000000000000E+00 +0.0000000000000000E+00 +0.0000000000000000E+00 +4.5837099999999997E-01 +1.6436000000000001E-03 +8.5104999999999992E-06 +1.0000000000000000E+00 +1.0000000000000000E+00 +0.0000000000000000E+00 +1.0000000000000000E+00 +0.0000000000000000E+00 +1.0000000000000000E+00 +0.0000000000000000E+00 +0.0000000000000000E+00       +176
       +176 +1.2203000000000000E-01 +5.9121599999999996E-01 +1.2203000000000000E-01 +5.9121599999999996E-01 +3.2872999999999999E-02 +9.4366220000000001E-02 +1.1761000000000001E-07 +0.0000000000000000E+00 +0.0000000000000000E+00 +1.7619000000000001E-04 +4.6370899999999998E-01 +2.5330999999999999E-03 +2.2017000000000000E-09 +5.1328999999999999E-09 +1.0000000000000000E+00 +1.0000000000000000E+00 +0.0000000000000000E+00 +1.0000000000000000E+00 +0.0000000000000000E+00 +1.0000000000000000E+00 +0.0000000000000000E+00 +0.0000000000000000E+00       +176
       +176 +1.8298000000000000E-01 +4.7419800000000001E-01 +1.8298000000000000E-01 +4.7419800000000001E-01 +1.5963600000000001E-02 +4.5769879999999999E-02 +0.0000000000000000E+00 +0.0000000000000000E+00 +2.2759999999999998E-03 +2.8231299999999998E-01 +5.4765999999999999E-03 +0.0000000000000000E+00 +0.0000000000000000E+00 +0.0000000000000000E+00 +1.0000000000000000E+00 +1.0000000000000000E+00 +0.0000000000000000E+00 +1.0000000000000000E+00 +0.0000000000000000E+00 +1.0000000000000000E+00 +0.0000000000000000E+00 +0.0000000000000000E+00       +176
       +176 +5.6845999999999997E-01 +8.3360100000000004E-01 +5.6845999999999997E-01 +8.3360100000000004E-01 +3.2379400000000003E-01 +9.2818140000000005E-01 +0.0000000000000000E+00 +8.8645000000000009E-03 +2.4975100000000000E-01 +8.7288999999999995E-03 +0.0000000000000000E+00 +0.0000000000000000E+00 +0.0000000000000000E+00 +0.0000000000000000E+00 +1.0000000000000000E+00 +1.0000000000000000E+00 +0.0000000000000000E+00 +1.0000000000000000E+00 +0.0000000000000000E+00 +1.0000000000000000E+00 +0.0000000000000000E+00 +0.0000000000000000E+00       +176
       +176 +5.8521000000000001E-01 +8.5360300000000000E-01 +5.8521000000000001E-01 +8.5360300000000000E-01 +3.6280299999999999E-01 +1.0431999999999999E+00 +0.0000000000000000E+00 +2.5952900000000001E-01 +1.3114000000000001E-02 +9.0016000000000000E-09 +0.0000000000000000E+00 +0.0000000000000000E+00 +0.0000000000000000E+00 +0.0000000000000000E+00 +1.0000000000000000E+00 +1.0000000000000000E+00 +0.0000000000000000E+00 +1.0000000000000000E+00 +0.0000000000000000E+00 +1.0000000000000000E+00 +0.0000000000000000E+00 +0.0000000000000000E+00       +176
        +60         +1         +6         +5         +4         +3         +2         +1         +0         +0         +1         +2         +3         +4         +5         +6        +60
       +176 +9.4862000000000002E-03 +1.8304500000000001E-01 +9.4862000000000002E-03 +1.8304500000000001E-01 +8.6720900000000004E-03 +2.5186000000000000E-02 +5.8791000000000004E-01 +0.0000000000000000E+00 +0.0000000000000000E+00 +0.0000000000000000E+00 +0.0000000000000000E+00 +0.0000000000000000E+00 +0.0000000000000000E+00 +1.3150400000000001E-01 +1.0000000000000000E+00 +1.0000000000000000E+00 +0.0000000000000000E+00 +1.0000000000000000E+00 +0.0000000000000000E+00 +1.0000000000000000E+00 +0.0000000000000000E+00 +0.0000000000000000E+00       +176
       +176 +4.6556000000000002E-03 +3.3670499999999998E-01 +4.6556000000000002E-03 +3.3670499999999998E-01 +1.6242600000000000E-03 +4.7395090000000003E-03 +4.1176000000000001E-01 +0.0000000000000000E+00 +0.0000000000000000E+00 +0.0000000000000000E+00 +0.0000000000000000E+00 +0.0000000000000000E+00 +3.3040300000000000E-01 +4.2046000000000000E-02 +1.0000000000000000E+00 +1.0000000000000000E+00 +0.0000000000000000E+00 +1.0000000000000000E+00 +0.0000000000000000E+00 +1.0000000000000000E+00 +0.0000000000000000E+00 +0.0000000000000000E+00       +176
       +176 +3.6240000000000001E-02 +5.0050700000000004E-01 +3.6240000000000001E-02 +5.0050700000000004E-01 +1.0271600000000001E-02 +2.9478049999999999E-02 +3.3906000000000002E-04 +0.0000000000000000E+00 +0.0000000000000000E+00 +0.0000000000000000E+00 +0.0000000000000000E+00 +4.6179199999999998E-01 +1.6463000000000001E-03 +8.6972000000000003E-06 +1.0000000000000000E+00 +1.0000000000000000E+00 +0.0000000000000000E+00 +1.0000000000000000E+00 +0.0000000000000000E+00 +1.0000000000000000E+00 +0.0000000000000000E+00 +0.0000000000000000E+00       +176
       +176 +1.3272000000000000E-01 +6.0617399999999999E-01 +1.3272000000000000E-01 +6.0617399999999999E-01 +3.9044700000000002E-02 +1.1225000000000000E-01 +1.1761000000000001E-07 +0.0000000000000000E+00 +0.0000000000000000E+00 +1.8597000000000001E-04 +4.6802100000000002E-01 +2.4748999999999999E-03 +2.6005999999999999E-09 +5.1938000000000000E-09 +1.0000000000000000E+00 +1.0000000000000000E+00 +0.0000000000000000E+00 +1.0000000000000000E+00 +0.0000000000000000E+00 +1.0000000000000000E+00 +0.0000000000000000E+00 +0.0000000000000000E+00       +176
       +176 +2.0840000000000000E-01 +5.0275400000000003E-01 +2.0840000000000000E-01 +5.0275400000000003E-01 +1.9257600000000000E-02 +5.5303010000000000E-02 +0.0000000000000000E+00 +0.0000000000000000E+00 +2.3915999999999998E-03 +2.8577100000000000E-01 +5.4330000000000003E-03 +0.0000000000000000E+00 +0.0000000000000000E+00 +0.0000000000000000E+00 +1.0000000000000000E+00 +1.0000000000000000E+00 +0.0000000000000000E+00 +1.0000000000000000E+00 +0.0000000000000000E+00 +1.0000000000000000E+00 +0.0000000000000000E+00 +0.0000000000000000E+00       +176
       +176 +6.5869999999999995E-01 +9.2102799999999996E-01 +6.5869999999999995E-01 +9.2102799999999996E-01 +3.7488800000000000E-01 +1.0749990000000000E+00 +0.0000000000000000E+00 +8.9680999999999997E-03 +2.4761400000000000E-01 +8.3972999999999999E-03 +0.0000000000000000E+00 +0.0000000000000000E+00 +0.0000000000000000E+00 +0.0000000000000000E+00 +1.0000000000000000E+00 +1.0000000000000000E+00 +0.0000000000000000E+00 +1.0000000000000000E+00 +0.0000000000000000E+00 +1.0000000000000000E+00 +0.0000000000000000E+00 +0.0000000000000000E+00       +176
       +176 +6.9016999999999995E-01 +9.5523100000000005E-01 +6.9016999999999995E-01 +9.5523100000000005E-01 +4.3059900000000001E-01 +1.2392980000000000E+00 +0.0000000000000000E+00 +2.5609300000000002E-01 +1.2322000000000000E-02 +8.9280000000000006E-09 +0.0000000000000000E+00 +0.0000000000000000E+00 +0.0000000000000000E+00 +0.0000000000000000E+00 +1.0000000000000000E+00 +1.0000000000000000E+00 +0.0000000000000000E+00 +1.0000000000000000E+00 +0.0000000000000000E+00 +1.0000000000000000E+00 +0.0000000000000000E+00 +0.0000000000000000E+00       +176
        +60         +0         +6         +5         +4         +3         +2         +1         +0         +0         +1         +2         +3         +4         +5         +6        +60
       +152 +6.0105000000000000E-04 +1.5920599999999999E-01 +6.0105000000000000E-04 +1.5920599999999999E-01 +0.0000000000000000E+00 +0.0000000000000000E+00 +0.0000000000000000E+00 +0.0000000000000000E+00 +0.0000000000000000E+00 +0.0000000000000000E+00 +4.4477700000000002E-02 +1.0000000000000000E+00 +1.0000000000000000E+00 +0.0000000000000000E+00 +1.0000000000000000E+00 +0.0000000000000000E+00 +1.0000000000000000E+00 +0.0000000000000000E+00 +0.0000000000000000E+00       +152
       +152 +1.5792999999999999E-05 +4.1297000000000000E-01 +1.5792999999999999E-05 +4.1297000000000000E-01 +0.0000000000000000E+00 +0.0000000000000000E+00 +0.0000000000000000E+00 +0.0000000000000000E+00 +0.0000000000000000E+00 +2.8233399999999997E-01 +1.1340000000000000E-01 +1.0000000000000000E+00 +1.0000000000000000E+00 +0.0000000000000000E+00 +1.0000000000000000E+00 +0.0000000000000000E+00 +1.0000000000000000E+00 +0.0000000000000000E+00 +0.0000000000000000E+00       +152
       +152 +3.3715999999999998E-04 +5.9031000000000000E-01 +3.3715999999999998E-04 +5.9031000000000000E-01 +0.0000000000000000E+00 +0.0000000000000000E+00 +0.0000000000000000E+00 +0.0000000000000000E+00 +3.4525600000000001E-01 +1.2994000000000000E-01 +7.2347000000000004E-04 +1.0000000000000000E+00 +1.0000000000000000E+00 +0.0000000000000000E+00 +1.0000000000000000E+00 +0.0000000000000000E+00 +1.0000000000000000E+00 +0.0000000000000000E+00 +0.0000000000000000E+00       +152
       +152 +1.9406000000000000E-03 +5.8435000000000004E-01 +1.9406000000000000E-03 +5.8435000000000004E-01 +0.0000000000000000E+00 +0.0000000000000000E+00 +7.1437000000000001E-05 +9.1028399999999995E-02 +2.2456999999999999E-01 +6.2339999999999997E-04 +3.7498999999999999E-06 +1.0000000000000000E+00 +1.0000000000000000E+00 +0.0000000000000000E+00 +1.0000000000000000E+00 +0.0000000000000000E+00 +1.0000000000000000E+00 +0.0000000000000000E+00 +0.0000000000000000E+00       +152
       +152 +5.7416000000000003E-03 +7.1799999999999997E-01 +5.7416000000000003E-03 +7.1799999999999997E-01 +0.0000000000000000E+00 +2.2157000000000001E-03 +1.3913800000000001E-01 +4.1550999999999999E-01 +1.6999000000000000E-02 +4.8001999999999999E-05 +5.3184000000000002E-08 +1.0000000000000000E+00 +1.0000000000000000E+00 +0.0000000000000000E+00 +1.0000000000000000E+00 +0.0000000000000000E+00 +1.0000000000000000E+00 +0.0000000000000000E+00 +0.0000000000000000E+00       +152
       +152 +1.5001000000000000E-02 +1.2544500000000001E+00 +1.5001000000000000E-02 +1.2544500000000001E+00 +1.3244000000000000E-01 +6.9991300000000001E-01 +5.1182000000000005E-01 +6.3731999999999997E-02 +2.6443000000000000E-03 +7.4486000000000001E-06 +0.0000000000000000E+00 +1.0000000000000000E+00 +1.0000000000000000E+00 +0.0000000000000000E+00 +1.0000000000000000E+00 +0.0000000000000000E+00 +1.0000000000000000E+00 +0.0000000000000000E+00 +0.0000000000000000E+00       +152
       +152 +3.7239000000000001E-02 +2.6503800000000002E+00 +3.7239000000000001E-02 +2.6503800000000002E+00 +2.4807000000000001E+00 +5.3732000000000002E-01 +6.1228999999999999E-02 +1.2139000000000000E-02 +5.0343999999999996E-04 +1.0455000000000000E-06 +0.0000000000000000E+00 +1.0000000000000000E+00 +1.0000000000000000E+00 +0.0000000000000000E+00 +1.0000000000000000E+00 +0.0000000000000000E+00 +1.0000000000000000E+00 +0.0000000000000000E+00 +0.0000000000000000E+00       +152
        +60         +0         +6         +5         +4         +3         +2         +1         +0         +0         +1         +2         +3         +4         +5         +6        +60
       +152 +5.1132000000000000E-04 +1.2603200000000001E-01 +5.1132000000000000E-04 +1.2603200000000001E-01 +0.0000000000000000E+00 +0.0000000000000000E+00 +0.0000000000000000E+00 +0.0000000000000000E+00 +0.0000000000000000E+00 +0.0000000000000000E+00 +6.6165900000000000E-02 +1.0000000000000000E+00 +1.0000000000000000E+00 +0.0000000000000000E+00 +1.0000000000000000E+00 +0.0000000000000000E+00 +1.0000000000000000E+00 +0.0000000000000000E+00 +0.0000000000000000E+00       +152
       +152 +7.5801000000000002E-05 +2.9315999999999998E-01 +7.5801000000000002E-05 +2.9315999999999998E-01 +0.0000000000000000E+00 +0.0000000000000000E+00 +0.0000000000000000E+00 +0.0000000000000000E+00 +0.0000000000000000E+00 +2.4037700000000001E-01 +5.9069999999999998E-02 +1.0000000000000000E+00 +1.0000000000000000E+00 +0.0000000000000000E+00 +1.0000000000000000E+00 +0.0000000000000000E+00 +1.0000000000000000E+00 +0.0000000000000000E+00 +0.0000000000000000E+00       +152
       +152 +3.1572000000000002E-04 +2.8423999999999999E-01 +3.1572000000000002E-04 +2.8423999999999999E-01 +0.0000000000000000E+00 +0.0000000000000000E+00 +0.0000000000000000E+00 +0.0000000000000000E+00 +1.8329699999999999E-01 +5.2435000000000002E-02 +2.8333999999999998E-04 +1.0000000000000000E+00 +1.0000000000000000E+00 +0.0000000000000000E+00 +1.0000000000000000E+00 +0.0000000000000000E+00 +1.0000000000000000E+00 +0.0000000000000000E+00 +0.0000000000000000E+00       +152
       +152 +1.1582000000000001E-03 +2.8095999999999999E-01 +1.1582000000000001E-03 +2.8095999999999999E-01 +0.0000000000000000E+00 +0.0000000000000000E+00 +3.7333000000000003E-05 +7.8851099999999993E-02 +9.2397000000000007E-02 +2.4990000000000000E-04 +1.4622000000000000E-06 +1.0000000000000000E+00 +1.0000000000000000E+00 +0.0000000000000000E+00 +1.0000000000000000E+00 +0.0000000000000000E+00 +1.0000000000000000E+00 +0.0000000000000000E+00 +0.0000000000000000E+00       +152
       +152 +3.3974999999999999E-03 +3.3444000000000002E-01 +3.3974999999999999E-03 +3.3444000000000002E-01 +0.0000000000000000E+00 +9.1726000000000004E-04 +9.9737199999999998E-02 +1.7014000000000001E-01 +6.9446000000000004E-03 +1.9239000000000000E-05 +2.0642000000000000E-08 +1.0000000000000000E+00 +1.0000000000000000E+00 +0.0000000000000000E+00 +1.0000000000000000E+00 +0.0000000000000000E+00 +1.0000000000000000E+00 +0.0000000000000000E+00 +0.0000000000000000E+00       +152
       +152 +9.1877999999999994E-03 +5.6564000000000003E-01 +9.1877999999999994E-03 +5.6564000000000003E-01 +4.9792000000000003E-02 +3.1676500000000002E-01 +2.0679000000000000E-01 +2.5881000000000001E-02 +1.0803000000000000E-03 +2.9875000000000002E-06 +0.0000000000000000E+00 +1.0000000000000000E+00 +1.0000000000000000E+00 +0.0000000000000000E+00 +1.0000000000000000E+00 +0.0000000000000000E+00 +1.0000000000000000E+00 +0.0000000000000000E+00 +0.0000000000000000E+00       +152
       +152 +2.3241999999999999E-02 +1.1721500000000000E+00 +2.3241999999999999E-02 +1.1721500000000000E+00 +1.0991200000000001E+00 +2.3877000000000001E-01 +2.4478000000000000E-02 +4.9297000000000004E-03 +2.0567000000000000E-04 +4.2140000000000000E-07 +0.0000000000000000E+00 +1.0000000000000000E+00 +1.0000000000000000E+00 +0.0000000000000000E+00 +1.0000000000000000E+00 +0.0000000000000000E+00 +1.0000000000000000E+00 +0.0000000000000000E+00 +0.0000000000000000E+00       +152
        +60         +1         +6         +5         +4         +3         +2         +1         +0         +0         +1         +2         +3         +4         +5         +6        +60
       +176 +5.1132000000000000E-04 +1.2603200000000001E-01 +5.1132000000000000E-04 +1.2603200000000001E-01 +4.7900200000000000E-09 +1.3234009999999999E-08 +5.8791000000000004E-01 +0.0000000000000000E+00 +0.0000000000000000E+00 +0.0000000000000000E+00 +0.0000000000000000E+00 +0.0000000000000000E+00 +0.0000000000000000E+00 +6.6165900000000000E-02 +1.0000000000000000E+00 +1.0000000000000000E+00 +0.0000000000000000E+00 +1.0000000000000000E+00 +0.0000000000000000E+00 +1.0000000000000000E+00 +0.0000000000000000E+00 +0.0000000000000000E+00       +176
       +176 +7.5813000000000001E-05 +2.9315999999999998E-01 +7.5813000000000001E-05 +2.9315999999999998E-01 +5.8256399999999997E-09 +1.4345000000000000E-08 +4.1176000000000001E-01 +0.0000000000000000E+00 +0.0000000000000000E+00 +0.0000000000000000E+00 +0.0000000000000000E+00 +0.0000000000000000E+00 +2.4037700000000001E-01 +5.9069999999999998E-02 +1.0000000000000000E+00 +1.0000000000000000E+00 +0.0000000000000000E+00 +1.0000000000000000E+00 +0.0000000000000000E+00 +1.0000000000000000E+00 +0.0000000000000000E+00 +0.0000000000000000E+00       +176
       +176 +3.1642999999999998E-04 +2.8425000000000000E-01 +3.1642999999999998E-04 +2.8425000000000000E-01 +4.6371900000000000E-07 +1.1285990000000001E-06 +3.3906000000000002E-04 +0.0000000000000000E+00 +0.0000000000000000E+00 +0.0000000000000000E+00 +0.0000000000000000E+00 +1.8342500000000000E-01 +5.2435000000000002E-02 +2.8333999999999998E-04 +1.0000000000000000E+00 +1.0000000000000000E+00 +0.0000000000000000E+00 +1.0000000000000000E+00 +0.0000000000000000E+00 +1.0000000000000000E+00 +0.0000000000000000E+00 +0.0000000000000000E+00       +176
       +176 +1.1674999999999999E-03 +2.8101999999999999E-01 +1.1674999999999999E-03 +2.8101999999999999E-01 +5.2440600000000001E-06 +1.2762990000000001E-05 +1.1761000000000001E-07 +0.0000000000000000E+00 +0.0000000000000000E+00 +3.7339999999999998E-05 +7.9076900000000006E-02 +9.2287999999999995E-02 +2.4990000000000000E-04 +1.4622000000000000E-06 +1.0000000000000000E+00 +1.0000000000000000E+00 +0.0000000000000000E+00 +1.0000000000000000E+00 +0.0000000000000000E+00 +1.0000000000000000E+00 +0.0000000000000000E+00 +0.0000000000000000E+00       +176
       +176 +3.3977000000000000E-03 +3.3445999999999998E-01 +3.3977000000000000E-03 +3.3445999999999998E-01 +1.4539000000000001E-07 +3.5385019999999999E-07 +0.0000000000000000E+00 +0.0000000000000000E+00 +9.1741999999999995E-04 +9.9756999999999998E-02 +1.6999000000000000E-01 +6.9365000000000000E-03 +1.9239000000000000E-05 +2.0642000000000000E-08 +1.0000000000000000E+00 +1.0000000000000000E+00 +0.0000000000000000E+00 +1.0000000000000000E+00 +0.0000000000000000E+00 +1.0000000000000000E+00 +0.0000000000000000E+00 +0.0000000000000000E+00       +176
       +176 +9.1885999999999999E-03 +5.6564000000000003E-01 +9.1885999999999999E-03 +5.6564000000000003E-01 +7.1497200000000000E-07 +1.7400990000000000E-06 +0.0000000000000000E+00 +4.9792999999999997E-02 +3.1677400000000000E-01 +2.0679000000000000E-01 +2.5860000000000001E-02 +1.0790000000000001E-03 +2.9875000000000002E-06 +0.0000000000000000E+00 +1.0000000000000000E+00 +1.0000000000000000E+00 +0.0000000000000000E+00 +1.0000000000000000E+00 +0.0000000000000000E+00 +1.0000000000000000E+00 +0.0000000000000000E+00 +0.0000000000000000E+00       +176
       +176 +2.3244000000000001E-02 +1.1721400000000000E+00 +2.3244000000000001E-02 +1.1721400000000000E+00 +2.0804099999999999E-06 +5.0633019999999999E-06 +0.0000000000000000E+00 +1.0991000000000000E+00 +2.3876000000000000E-01 +2.4478000000000000E-02 +4.9255999999999996E-03 +2.0542999999999999E-04 +4.2140000000000000E-07 +0.0000000000000000E+00 +1.0000000000000000E+00 +1.0000000000000000E+00 +0.0000000000000000E+00 +1.0000000000000000E+00 +0.0000000000000000E+00 +1.0000000000000000E+00 +0.0000000000000000E+00 +0.0000000000000000E+00       +176
       +112 -1.0000000000000000E+20 -1.0000000000000000E+20 -1.0000000000000000E+20 -1.0000000000000000E+20 -1.0000000000000000E+20 -1.0000000000000000E+20 -1.0000000000000000E+20 -1.0000000000000000E+20 -1.0000000000000000E+20 -1.0000000000000000E+20 -1.0000000000000000E+20 -1.0000000000000000E+20 -1.0000000000000000E+20 -1.0000000000000000E+20       +112
